int 10 57 5 43 79 28 72 89 53 39 78
int 11 12 42 34 13 15 80 53 81 9 1 56
double 11 5.87 1.7 8.2 2.49 2.51 8.66 5.56 6.47 0.53 2.48 4.97
char 11 t h f q f d a e i p p
int 11 73 5 66 78 46 49 74 5 73 49 98
double 12 9.19 1.91 4.11 3.02 5.68 2.59 1.24 5.28 2.32 5.01 7.66 8.02
bool 12 1 1 0 1 1 1 0 1 1 0 0 1
char 13 c p o f n a l t o f j n j
double 15 4.19 7.27 0.53 1.28 7.54 3.97 2.7 9.36 5.53 9.13 5.46 0.37 2.46 7.54 1.44
double 16 7.86 6.44 5.77 4.97 7.68 1.73 9.01 9.63 5.75 7.62 3.8 0.09 6.08 2.9 7.77 5.67
char 17 o p l m i s k h r j g k l m d m b
char 18 i s r d s i j g i g t p j q i q t e
char 20 b e f c n d q s o i d t c d k t m r m c
bool 20 0 0 1 1 1 1 1 0 0 0 1 1 0 1 1 1 1 1 0 1
int 21 32 41 66 32 24 63 71 6 78 31 9 90 95 11 76 6 93 30 79 2 85
bool 24 0 1 0 0 1 0 1 1 0 0 1 1 0 0 0 1 1 1 1 0 1 1 0 1
bool 25 0 0 1 0 1 1 0 1 0 1 0 0 0 1 1 0 1 0 1 0 0 1 1 0 0
char 26 m t t j l o e e l e l h b t r p g l l s c n s d d a
char 26 n r a t n j d s g p p b q k p i i r c b h r o p k h
double 27 7.27 8.68 5.72 4.32 1.47 8.78 4.08 2.3 3.71 5.82 4.87 9.23 6.41 1.85 4.56 2.93 2.67 4.86 9.03 7.16 4.24 0.95 1.68 3.38 9.72 8.5 7.54
bool 27 0 0 1 1 1 1 1 1 0 0 0 1 1 1 1 1 0 1 0 0 0 0 0 0 0 0 0
int 28 10 87 50 30 31 73 1 27 4 86 84 92 5 94 61 55 70 83 81 55 77 92 93 74 9 78 8 43
bool 28 1 1 0 0 1 1 0 0 1 0 0 0 0 1 1 0 1 1 0 1 0 0 1 0 1 1 1 1
bool 28 1 0 1 1 0 1 1 0 1 1 1 0 1 0 0 0 0 0 1 1 0 0 0 1 0 1 1 1
double 28 6.01 0.29 4.13 5.73 4.21 7.91 1.52 2.96 9 9.5 3.55 9.14 0.42 3.45 8.59 6.79 8.33 8.51 7.72 9.44 0.93 7.66 1.98 5.65 1.33 2.56 5.45 6.85
int 31 19 42 5 35 45 37 35 52 86 29 46 73 86 46 6 28 16 85 77 96 94 26 78 82 96 85 93 34 17 64 50
bool 31 1 0 1 0 0 1 0 1 1 1 1 0 1 1 0 1 1 1 0 1 1 0 0 0 1 1 0 0 0 0 0
char 32 n d c b r l m e p l n t r t t j a p p n o f c i b h h d e k s k
int 33 6 83 72 23 37 59 15 24 15 64 38 83 92 70 2 96 8 70 14 57 23 20 85 24 79 78 5 25 76 9 37 36 52
char 33 r n h a f f q o l i g k n e b d t k r k a l f l g c d e g l l f e
bool 33 0 0 1 0 0 1 0 0 0 1 1 0 1 0 0 1 1 1 0 0 0 1 0 0 0 1 1 1 1 1 0 0 0
double 35 9.71 9.78 6.94 1.68 2.54 3.53 2.06 6.53 8.93 5.58 2.69 1 0.21 9.07 5.86 5.37 0.74 5.33 5.8 6.88 1.14 2.11 4.01 1.73 9.76 5.43 5.77 8.35 1.53 5.55 0.22 2.29 3.94 8.38 4.72
int 35 56 22 56 94 52 71 89 88 63 30 91 91 12 32 83 45 13 84 92 12 58 21 20 12 78 15 29 60 24 53 28 16 10 32 82
bool 36 0 0 1 1 1 0 1 0 1 0 1 1 1 0 0 1 1 0 0 1 0 0 1 0 0 0 0 0 0 1 1 0 1 1 1 0
bool 39 0 1 0 1 0 0 0 0 1 0 0 0 1 1 1 0 0 0 0 0 1 0 0 0 1 1 1 1 1 1 1 1 0 0 1 1 0 1 0
double 39 5.48 1.06 9.36 3.13 1.73 2.33 4.3 2.26 4.98 3.91 9.26 4.54 8.65 6.13 3.15 1.86 7.15 7.18 7.14 3.6 5.31 7.78 6.31 4.12 5.74 6.23 4.2 0.94 0.08 3.24 2.55 3.14 9.45 0.82 3.25 3.95 6.78 7.17 5.18
int 39 15 65 82 15 46 4 89 4 60 69 42 82 59 88 14 92 6 9 21 51 67 94 33 69 30 96 87 66 39 75 17 9 30 37 21 52 64 92 12
double 40 0.55 7.34 3.01 2.96 4.04 5.3 4.24 4.16 7.09 3.9 9.64 5.62 3.14 7.42 6.29 1.21 1.01 4.5 9.78 8.79 8.89 4.02 8.16 7.84 1.9 5.83 5.21 0.04 2.79 5.75 2.85 8.41 7.34 6.4 3.38 4.22 6.51 9.9 8.41 6.01
int 40 39 84 24 62 3 73 91 68 82 61 15 63 65 97 33 26 71 3 94 31 99 83 80 37 62 59 93 99 4 66 35 38 63 4 10 96 83 23 38 93
int 41 29 71 45 58 31 39 23 37 63 95 40 46 90 76 45 82 89 88 86 78 73 20 65 85 33 94 92 35 80 25 42 1 46 66 84 2 91 93 96 3 87
char 41 k f h e n l k l f k b p p d n t n l e s r p h d b l b c o p q j h p g c a f s i e
char 41 s d m e b b q r l p e c d b h o n k j f b f e d b e e a k g j b i m s f d r l m f
int 42 88 90 65 94 54 47 91 20 59 46 53 94 90 83 85 57 21 86 78 25 39 21 90 89 74 47 15 12 78 1 65 90 87 4 25 20 70 5 68 75 82 31
double 42 7.98 7.35 7.54 3.27 7.23 6.21 2.16 3.83 7.08 1.08 5.21 5.45 8.86 1.55 0.45 0.76 2.33 3.05 9.18 9.94 1.69 8.04 3.66 9.19 1.55 3.31 9.6 8.88 9.85 4.75 4.26 7.58 7.15 0.75 8.88 2.45 2.1 5.66 1.04 6.92 9.65 9.3
bool 45 0 0 0 1 0 0 1 1 0 0 1 1 0 1 1 1 0 1 0 0 1 1 0 0 1 1 1 0 1 1 1 0 0 0 0 0 0 0 1 1 1 0 0 1 1
double 45 8.91 3.06 0.11 8.2 1.12 4.6 2 9.29 4.69 7.1 5.39 5.88 0.78 6 6.7 5.07 5.86 8.31 9.96 2.79 2.26 6.57 7.88 9.21 4.73 7.38 9.68 5.56 5.81 6.8 8.32 0.09 9.64 4.51 7.45 9.52 9.84 1.03 1.44 9.89 7.03 5.54 3.5 8.09 6.11
bool 47 0 1 1 0 0 0 0 0 1 0 0 0 0 0 1 0 1 0 0 1 0 0 1 0 0 0 1 1 0 0 0 0 0 0 1 0 1 1 1 1 0 1 1 1 0 0 1
double 48 2.56 7.5 1.8 4.96 4.73 2.47 9.83 7.84 1.44 2.68 8.43 3.41 8.82 8.03 2.73 6.1 0.98 2.06 7.68 2.09 5.07 5.86 0.74 7.72 8.61 5.26 8.58 9.98 2.67 8.91 1.07 4.16 4.7 4.3 8.26 7.77 4.59 4.79 0.29 1.03 1.07 4.29 8.86 5.44 7.47 4.62 2.44 5.03
bool 49 1 1 0 0 0 0 1 0 0 1 0 1 0 1 0 1 0 0 0 0 0 1 1 0 1 0 0 1 0 0 1 1 1 0 1 0 0 0 0 0 0 0 0 1 0 0 0 0 0
bool 50 1 1 1 0 1 1 1 0 1 0 0 1 0 1 1 1 1 0 1 0 1 1 0 1 1 0 0 0 1 0 1 1 1 0 1 1 0 1 1 1 0 0 1 0 1 1 1 0 1 1
char 50 p t d q m j d b j c b t h c p s t b b t t d p s a h b n f i i i q r k q g p o p q f n m o h c l r o
char 52 h l s c s n s t i n r i f m l k a l n p o p o e s i a g i r p g g f a r d s r f o d f k b j o c g h a g
char 52 d s j r h t j m c m t o l o m m m t g o s j q h e j t o q e i s p n l t r n p t i l i b s d j t n o t b
bool 53 1 0 0 0 0 1 0 0 0 1 1 1 0 0 0 1 1 0 1 0 0 1 1 0 0 1 0 0 1 1 1 0 1 0 0 1 0 1 0 1 1 1 1 1 1 1 1 0 1 1 0 1 0
int 56 71 19 43 74 44 76 54 25 97 57 36 78 3 26 71 82 25 54 18 94 82 57 70 88 90 32 58 65 51 86 50 26 56 78 87 61 58 51 45 67 70 51 8 17 41 1 59 5 75 82 26 68 44 76 26 92
double 57 3.93 3.73 3.52 5.8 5.73 9.14 0.32 6.22 8.32 4.19 7.06 8.3 9.08 3.69 8.82 4.37 4.06 1.45 5.1 1.51 2.29 1.16 4.24 7.27 6.18 4.46 0.65 7.76 6.73 8.97 7.06 4.12 9.75 2.65 1.43 7.79 9.82 4.08 2.62 0.18 7.73 4.8 4.1 4.26 9.56 4.72 4.37 0.12 8.22 9.02 4.91 2.47 8.97 8.79 5.45 5.17 0.84
int 57 5 29 15 38 86 37 47 8 73 61 39 74 67 86 83 28 69 78 53 22 21 39 17 56 86 62 82 89 55 60 98 28 86 18 58 28 19 67 92 36 78 33 83 1 85 77 46 91 89 11 57 33 75 72 87 58 70
int 57 91 70 73 94 29 38 84 85 6 93 68 15 89 72 29 77 27 89 97 70 71 19 66 14 54 28 83 27 74 47 90 20 9 62 2 88 28 32 30 7 9 20 57 93 58 43 5 25 98 74 95 63 64 2 6 64 9
double 58 0.41 9.38 7.43 8.05 2.88 9.53 0.19 2.8 1.84 8.92 9.6 4.74 9.45 8.67 9.95 1.27 9.73 2.51 3.88 0.94 5.3 3.25 1.4 2.1 4.18 4.99 2.58 0.13 6.8 0.58 9.58 2.89 3.03 0.05 5.98 8.36 2.07 2.07 6.45 4.69 7.47 3.21 9.61 7.35 7.8 7.15 7.68 2.99 4.75 7.3 2.27 7.43 5.21 7.46 6.31 4.06 8.28 7.86
double 62 7.19 9.57 9.72 7.65 4.68 8.79 0.05 9.25 0.83 8.07 8.85 0.33 1.93 6.49 7.09 2.87 8.17 6.76 6.06 8.04 2.59 5.91 1.43 9 7.44 4.28 7.54 6.02 9.75 1.64 6.14 6.46 1.08 5.02 5.12 4.14 6.14 3.21 0.78 2.23 6.42 9.49 6.12 4.23 0.17 2.91 8.38 5.51 7.01 4.34 4.16 9.52 8.13 7.7 7.66 1.03 1.29 0.51 4.1 1.96 6.95 2.58
double 63 9.48 9.54 0.38 8.63 3.41 0.67 3.02 2.4 2.22 7.47 5.05 2.92 7.55 4.35 8.35 0.9 0.35 0.99 0.61 8.83 2.59 3.69 3.95 6.47 9.61 6.3 0.09 4.89 7.37 9.69 1.75 2.69 1.05 8.24 8.18 5.01 0.02 3.2 1.36 8.18 8.82 7.56 9.26 4.83 2.05 6.12 8.06 9.56 9.88 5.5 8.41 5.18 4.03 7.67 8.19 2.59 6.62 1.69 0.1 9 9.28 5.12 4.69
char 63 m f c j o e g c k s r n i g e p h n n k b f q o d p g m m k c l q n c e r q h k t i e e q o o k c j i s d q n n i o i q m t n
char 64 l r e j t r m h d b m s q p d c f g q b t k h l h j n d n a n i r k l q r c f e a s h p q s l f e c j c k e g h d m l r f l b j
double 66 7.6 9.39 6.87 8.64 8.62 7.67 0.18 5.51 3.77 1.14 9.43 0.52 8.13 6.13 5.64 9.7 6.44 0.45 0.12 5.14 6.37 5.82 2.55 5.52 0.73 9.41 3.46 3.66 3.39 5.23 2.84 9.09 4.86 2.21 6.09 6.08 2.57 0.42 6.07 5.87 0.39 8.47 8.96 4.67 7.06 3.36 1.56 5.65 3.14 9.21 7.27 4.96 3.65 4.05 6.13 2.22 3.58 7.42 4.67 7.84 3.84 2.77 7.46 6.83 6.93 4.18
int 66 79 80 44 58 70 39 73 82 86 23 67 88 66 22 29 58 71 97 48 9 74 58 8 82 7 11 49 54 69 63 19 48 76 15 73 30 19 62 18 59 99 18 68 24 81 58 13 34 7 57 81 21 73 91 94 64 26 25 6 43 87 11 66 21 3 91
char 67 p k i a p f i d b o e p g m l s e c f j t o g q k i f o s a g h a d m k s m g e l g n i h j d h a t f f p l c c p n s q d b p f g k g
bool 67 0 0 0 1 1 1 1 1 1 0 0 0 1 1 1 0 0 0 0 1 0 0 0 0 1 0 0 1 0 1 1 1 1 1 1 1 0 1 1 0 1 0 0 1 1 0 0 0 1 0 0 1 0 0 1 1 0 0 1 0 1 1 1 1 0 1 1
bool 68 1 1 0 0 1 0 0 0 1 1 1 0 1 1 0 0 1 0 1 0 1 0 0 0 0 0 0 1 0 0 0 0 0 1 1 0 0 0 0 0 0 0 1 0 0 1 1 0 1 0 0 1 1 0 0 0 1 1 1 0 1 0 1 1 0 0 0 0
bool 68 1 1 0 0 0 1 1 0 1 0 0 1 0 0 1 1 1 1 0 1 0 0 1 0 1 1 1 0 0 0 1 0 1 1 1 1 0 1 1 0 0 1 1 0 1 0 0 0 0 0 0 0 1 0 1 0 1 1 0 0 1 0 1 0 0 1 1 0
int 69 31 94 81 7 62 67 83 34 7 9 4 18 28 25 86 64 99 13 93 64 44 6 53 69 99 14 50 25 42 76 34 12 49 53 7 90 12 99 38 42 86 57 75 36 5 63 98 21 2 59 80 50 94 17 4 59 8 44 63 31 60 81 81 12 35 74 81 36 7
int 69 6 44 64 88 80 98 49 54 73 74 97 18 13 60 72 96 33 90 21 92 35 57 88 5 96 3 38 37 10 96 20 18 19 12 23 9 71 55 33 11 18 42 86 32 91 93 39 91 51 51 76 37 19 45 66 80 73 97 23 25 80 78 18 55 55 76 63 82 60
char 71 k f s c r k n b c j c l g m e g t h a c l k i o o j g e a h n h t m h o r f t j l d o h n q a l e i n s b f m m d a o j n s o f t a s p b t j
double 72 5.45 9.39 5.43 0.33 4.19 4.58 0.83 9 9.45 7.84 3.79 9.97 7.15 7.95 3.26 2.26 6.08 0.24 5.96 4.17 5.5 8.96 7.72 8.38 6.59 9.81 4 3.72 2.09 1.31 9.5 3.45 2.32 9.27 2.96 0.56 4.31 1.85 0.43 2.79 1.92 1.81 2.86 6.02 7.27 9.76 7.23 8.27 1.16 1.77 4.82 7.26 4.34 9.87 6.65 7.26 5.79 3.6 3.59 3.97 7.08 7.14 6.69 6.83 7.55 5.76 3.43 0.87 1.21 5.73 0.62 8.88
bool 73 0 1 1 0 1 0 1 1 0 0 1 1 1 1 1 0 1 1 0 0 1 1 0 0 0 1 0 1 0 0 1 0 1 0 1 0 0 1 0 1 0 1 0 1 1 0 0 1 0 1 1 1 1 0 1 0 0 0 0 0 0 0 1 1 0 1 0 0 1 1 0 0 1
int 73 88 40 99 42 11 29 52 70 90 21 86 75 47 81 27 61 14 72 86 35 72 26 99 83 83 21 37 37 75 17 62 94 11 28 9 72 52 6 73 67 26 90 19 85 42 31 28 68 16 70 18 36 48 70 90 96 55 1 30 95 35 28 83 26 74 59 72 49 6 44 20 31 68
int 73 35 59 86 30 62 49 36 60 11 95 98 84 72 8 73 30 1 52 71 13 28 8 47 54 86 68 35 54 69 78 88 60 73 5 86 91 57 28 74 15 18 56 72 8 7 3 23 80 18 80 89 54 78 46 96 81 25 71 54 62 43 92 46 11 64 74 15 61 42 85 66 12 4
double 75 0.22 6.58 4.45 1.44 1.02 9.94 9.19 3.31 3.33 2.75 5.66 1.43 2.35 1.21 2.56 8.19 0.29 2.64 9.45 1.82 7.71 0.73 0.62 4.59 0.67 4.46 3.8 5.82 1.06 9.17 2.84 8.92 8.5 4.64 8.73 6.72 1.63 4.72 3.88 6.94 7.74 6.59 0.49 4.95 9.37 4.56 4.94 1.75 6.63 0.89 5.52 9.92 5.43 3.73 5.68 9.6 9.26 0.32 5.39 0.83 3.27 9.22 9.92 9.38 7.61 3.41 6.76 2.46 6.5 9.86 4.14 5.71 3.11 6.67 7.43
int 75 15 34 20 62 82 65 33 49 5 21 99 54 32 21 82 88 75 41 9 95 39 44 55 29 87 16 61 10 82 12 40 72 38 72 85 53 54 68 86 64 40 7 44 60 29 23 86 30 18 65 63 73 77 69 63 94 25 78 22 51 45 8 45 62 31 49 6 24 40 59 1 42 8 96 91
char 78 m f r a q f g g s i b o r o j d l o l e o d q p i p a b g q b a l b b h s l l f k h o n a d t a b m n l j i a e h m e b m d j s f a p t o t g g c t k j j q
double 79 9.54 2.48 2.5 8.8 7.95 0.61 7.76 0.08 7.08 8.84 4.56 2.73 2.01 3.89 0.27 1.51 0.78 5.27 1.72 5.25 1.36 7.8 8.38 4.71 2.51 0.65 4.53 7.72 9.57 7.62 1.18 8.88 7.24 4.32 6.98 6.63 1.96 2.88 9.12 5.44 8.91 9.58 7.56 9.58 2.86 8.9 0.89 5.76 1.1 5.55 8.54 4.81 8.33 4.96 2.21 1.7 0.7 0.92 9.98 4.25 9.79 8.43 5.4 9.57 7.21 2.6 6.27 1.01 0.54 1.88 5.6 3.33 3.95 9.66 2.16 2.73 5.25 7.14 1.66
int 79 81 38 54 46 18 84 59 40 65 20 47 74 37 46 14 97 18 51 82 32 59 64 79 58 43 8 21 93 72 81 77 78 70 2 36 50 71 12 99 59 22 95 27 6 57 43 31 1 3 56 93 13 79 64 43 1 25 12 31 81 83 47 96 41 79 38 92 25 20 9 74 94 41 72 4 63 85 74 28
double 81 7.66 4.16 0.11 7.32 6.45 3.91 8.45 8.9 2.66 7.05 0.21 8.01 6.34 3.74 8.95 0.09 6.16 0.9 1.19 6.84 8.5 8.23 1.04 7.17 6.11 0.08 6.63 7.41 3.68 3.72 8.88 4.12 2.81 1.05 5.73 6.52 9.59 5.46 8.56 8.89 7.13 3.43 8.13 0.67 4.59 6.47 9.71 8.25 1.1 6.12 0.61 3.52 6.58 0.08 9.86 5.49 0.81 1.84 2.55 8.56 7.03 2.27 1.17 3.14 6.51 9.15 0.17 4.18 0.8 4.51 6.94 6.92 4.2 9.37 1 3.03 7.43 5.88 0.03 5.21 4.52
bool 84 1 1 0 0 1 1 0 0 1 1 0 0 1 1 0 1 0 1 1 1 0 1 1 0 1 0 1 0 0 1 0 0 0 1 1 1 0 0 0 1 1 0 0 1 1 0 1 1 0 1 1 0 0 0 0 1 1 1 1 1 1 0 0 0 1 0 0 0 0 0 0 0 0 1 0 0 1 1 0 1 1 1 1 1
char 87 s f b l t n s h f l m b m i s e p a s b c p m o k j a t o k k b d f c p r e n h s j j k o e k o c b o k e i d r k c s r a n n l k e f o j q k n k g c t l p k b r t n f b a l
double 87 8.64 9.66 0.2 2.27 8.58 9.29 7.34 6.55 9.14 9.04 3.21 2.45 2.27 8.27 9.06 7.6 4.07 4.86 2.12 0.45 3.05 6.68 4.25 5.81 6.1 0.61 7.55 7.68 4.43 6.36 0.18 1.26 6.05 5.96 4.26 7.08 0.35 3.44 9.25 9.77 8.36 9.51 0.93 1.77 3.84 0.23 2.5 6.69 7.92 9.44 5.86 1.63 3.99 3.9 0.98 0.53 3.55 1.96 4.93 7.36 2.78 1.04 4.38 2.8 6.88 1.34 0.15 0.8 1.14 6.06 6.51 9.01 6.78 5.93 5.09 7.49 8.38 8.7 8.94 3.83 7.98 0.42 4.56 3.41 0.47 9.94 7.85
double 87 8.13 8.45 5.72 2.95 1.4 1.34 5.07 7.47 8.42 8.71 2.21 7.84 9.58 5.83 9.82 8.65 8.24 1.39 6.02 8.73 0.55 3.61 6.34 1.9 8.53 8.55 6.86 1.34 9.27 9.47 2.45 7.47 3.36 2.64 0.54 1.4 7.65 8.36 8.44 8.28 6.73 0.57 4.7 9.83 0.23 3.18 3.4 7.98 8.15 9.7 7.25 3.07 2.01 6.86 9.25 9.95 6.13 1.83 1.62 8.62 5.51 6.73 0.7 7.53 0.73 8.96 1.56 9.02 1.09 8.13 3.32 4.26 9.13 3.95 9.96 1.75 7.68 4.04 3.49 5.12 9.6 5.67 8.67 7.08 7.9 9.57 6.32
bool 90 1 0 0 0 0 1 1 0 0 0 0 0 1 1 1 1 0 0 0 1 0 1 0 0 1 0 0 1 1 1 1 1 1 1 0 1 0 0 0 1 0 1 1 1 0 0 0 0 1 1 0 1 1 0 1 0 1 1 0 1 1 0 0 1 1 0 1 0 1 1 1 1 1 1 0 1 0 1 0 1 0 1 1 0 1 1 0 0 1 0
bool 92 0 1 0 1 0 1 0 0 0 1 1 1 1 0 0 1 0 0 0 0 1 0 1 1 0 0 1 1 1 1 0 0 0 0 1 1 1 0 1 0 1 0 0 0 1 0 0 1 0 1 1 1 0 0 1 0 0 0 0 0 0 0 0 0 1 1 0 1 1 0 1 0 1 0 1 0 1 1 0 1 1 0 1 1 0 0 0 1 0 1 1 0
int 93 15 13 89 33 58 99 78 46 42 27 17 19 47 4 61 32 30 25 95 94 96 46 84 33 14 30 8 18 84 18 2 5 93 24 6 8 44 2 67 3 5 46 28 18 64 39 5 4 11 34 53 96 34 89 27 54 66 37 23 42 63 29 4 30 54 40 31 35 55 69 73 63 33 35 34 62 80 94 99 14 82 3 8 68 58 93 39 51 99 77 5 47 62
double 96 3.67 5.33 1.72 3.81 9.45 9.79 3.94 9.95 5.23 1.24 9.76 4.5 1.02 3.4 1.52 9.72 1.13 7.04 8.65 7.83 7.36 4.72 1.52 3.6 2.31 6.51 8.09 6.4 6.4 1.75 2.75 6.51 8.49 5.33 8.85 7.09 6.26 5.32 5.42 0.07 9.1 4.71 8.62 4.64 0.13 6.17 5.68 4.43 9.43 6.8 5.67 0.15 1.84 2.77 4.85 2.15 1.21 7.32 1.68 2.77 4.23 4.94 7.4 1.32 3.08 5.13 4.61 1.03 3.54 7.49 6.3 4.55 3.68 2.99 4.95 2.57 2.8 6.13 3.47 5.13 2.5 4.61 3.49 4.1 9.18 3.87 9.01 4.65 8.52 7.56 6.66 7.04 3.02 1.79 3.19 9.81
char 97 c m m o r f b s a b n o p q q q e b k p a o s g k s b j m d q p l j q l t r m o n b g k f j p h e t h r p i g t b c g i n q b c e n s l a l b o m g g f r r k d g f h l o q q h j m l q a h o c m
char 98 c q c m d j g r l s k i d o a s l p j j l g n t b l l s o p i s l o n n r q b i s l k k d k m t o t f g r g n e a d d f b g q b l g g c b q q h o f g h d h s h e d j i n d j h m q o n i g g s o n
int 98 94 55 61 67 50 59 95 46 97 19 2 93 62 48 30 19 40 25 48 32 5 81 13 36 9 19 54 15 52 83 11 62 84 42 96 76 81 79 72 72 30 51 70 48 11 88 47 64 72 11 83 93 99 47 88 60 40 93 55 83 69 9 13 57 63 77 82 1 42 73 72 87 97 71 80 17 32 32 89 30 35 99 27 45 88 82 75 37 43 64 34 38 89 26 36 66 66 44
double 99 6.15 4.69 8.94 9.08 2.34 2.22 0.6 5.69 6.4 4.6 7.63 9.93 5.44 3.04 9.4 5.95 0.05 0.97 9.84 6.42 0.62 5.53 2.53 4.04 5.11 4.38 2.77 1.3 0.27 6.93 6.39 9.25 5.62 8.23 0.83 3.03 6.3 3.07 3.73 7.53 5.95 8.6 8.7 1.35 6.06 8.11 9.04 5.59 0.39 6.12 6.07 9.41 9.6 8.9 8.13 4.33 0.69 1.73 2.77 2.18 9.22 6.34 3.19 8.42 6.21 4.01 2.33 5.68 6.68 5.49 5.99 2.18 7.41 1.28 1.1 6.14 6.37 6.32 0.46 1.92 2.94 2.67 4.6 8.62 8.18 7.08 9.67 9.85 3.03 4.11 2.66 9.88 9.93 7.2 4.71 9.9 6.96 9.49 4.43
double 100 7.39 6.03 3.75 3.24 0.74 9.44 7.14 7.19 6.12 2.33 5.41 8.18 3.23 9.27 2.85 1.13 6.95 5.2 0.5 9.55 1.82 9.83 7.77 2.84 5.43 8.36 3.26 0.62 4.92 0.54 7.6 1.89 9.3 0.44 8.9 1.64 2.62 8.28 7.28 9.27 1.23 9.44 7.49 9.92 2.27 1.2 0.1 8.09 2.32 9.97 6.18 0.92 7.26 4.97 1.76 7.82 0.11 9.08 5.27 2.74 3.34 7.94 2.58 6.1 8.76 5.96 5.41 9.14 8.05 5.2 7.19 1.71 6.28 4.78 7.64 0.25 4.89 6.94 0.69 8.69 5.21 5.48 1.92 0.26 3.83 5.1 2.36 3.21 9.02 1.73 1.19 4.02 3.21 5.33 3.69 9.6 6.67 2.93 3.41 2.42
bool 100 0 1 0 1 1 0 0 0 1 1 1 1 0 0 0 1 1 1 0 0 0 0 0 0 1 0 1 1 1 1 0 0 1 1 0 1 0 0 0 0 1 0 1 0 0 1 1 1 0 0 1 0 1 0 1 0 0 1 1 1 0 0 0 1 0 0 0 0 0 1 0 0 1 1 0 0 1 0 0 0 1 1 1 0 0 1 1 1 0 1 1 0 0 1 0 1 0 1 0 1
char 101 b i a q c p b j r i h a p e e o h k j e d h c n n m l h j k c n c e e f i s f c m s e c q t q l f t p m q b s i a o e c m r t f e p t e n t c i l f e s s k l a f p n o t l s r s b c m a j n n m o g k g
char 107 t o k p j j m s k r o h m f k t t t l l t t f e i f l j p p a l d f b n s j i n f f n l c n s d b b h h d m o o q a p q k k k f k d t f g b a t o f i j b b f l k n f n o t l o q n i d j d q c t r l n h l c o e l l
double 108 2.81 8.39 7.82 6.98 7.23 4.61 1.65 5.17 2.83 8.66 8.05 6.75 9.4 7.5 1.99 2.96 4.67 0.15 7.41 1.08 0.59 3.16 6.56 4.47 9.59 0.74 3.7 7.13 7.02 3.95 8.77 6.45 9.89 6.88 1.47 0.71 0.58 9.18 1.61 6.23 0.58 2.62 3.18 1.87 9.01 3.47 2.73 6.95 3.97 5.23 0.35 7.12 8.78 2.76 4.63 3.12 6.4 7.52 2.9 3.28 4.45 0.07 5.43 1.38 5.49 0.84 8.97 2.47 2.91 6.86 9 2.07 9.41 8.78 9.03 8.12 8.45 8.16 3.7 3.91 1.73 7.83 1.64 7.32 9.19 9.57 0.14 3.77 2.31 2.55 4.67 2.37 9.99 4.65 2.46 1.64 6.98 0.81 3.2 0.64 9.76 3.96 1.49 2.98 6.96 1.12 8.25 8.93
char 108 l c j b b r l j n e s s e b a p e t t i b k q j d t b t s j j k d g t g d i h d b s h o n r p p m k q s o p t m e d p b n i g a b q d l f g h l r t l j d g b m l h e h q h q q e n i q j c o r e a t g h l a k g d g a
